0 0.7472816075819242 0.37982170994636855 0.03499662628012441 0.03979447351689647
0 0.7677907996329467 0.4380548270266476 0.03499662628012441 0.03979447351689647
0 0.7305329943148051 0.4930265502914425 0.03655912628012441 0.039903734160558105
0 0.7156815390390159 0.505215193854825 0.03288809471009326 0.03031021287323483
0 0.6926458574407499 0.5238341538780682 0.022967063140062294 0.020279649011264313
0 0.7020740653473752 0.5120443480618695 0.034814615756780756 0.03666947351689629
0 0.2739336547957965 0.5085601710548924 0.07707771046687402 0.06763525025210164
0 0.30585921800644594 0.4555497855372814 0.05759966837349921 0.05382412252816078
0 0.29999635488050114 0.4216828839281271 0.07560621572854584 0.06908848960843983
0 0.2851581230845911 0.6478411923422158 0.0418836631118273 0.05116901609154336
0 0.31860765991629403 0.6610731658591124 0.07797235253201391 0.10971348960843982