0 0.3124214064759583 0.6437659919637289 0.030528734160558103 0.03470226400381797
0 0.2925352413731506 0.5830103052991834 0.030528734160558103 0.03470226400381797
0 0.33413287948865167 0.5293580466263654 0.03365373416055819 0.03473862667090888
0 0.34732129433935777 0.5166944146244565 0.02987317029858776 0.025327264003817972
0 0.3703381772590787 0.4992251039545021 0.021405106436617326 0.015861357336090797
0 0.3610560124083726 0.5118432826225475 0.030310212873234654 0.031577264003817974
0 0.7907106614196369 0.5287365972310957 0.06755884059717551 0.0507454346753633
0 0.757597512660474 0.5807263585694136 0.05149679802252862 0.04431362133990877
0 0.7639074968210322 0.6150559052355499 0.06621486188449896 0.05385225334181776
0 0.7809864641337424 0.38967409723109564 0.03430929802252862 0.04411362667090888
0 0.7479718683407868 0.37598431456877723 0.06302415990702759 0.09752952800763603