0 0.7462510280474068 0.3578548834340863 0.03482953333863605 0.039462489337999784
0 0.7594328280553612 0.4165940841024498 0.03482953333863605 0.039462489337999784
0 0.713966334062679 0.4699639847628593 0.03797271467218159 0.041061352005090514
0 0.6976964440642698 0.48149183076063207 0.03317612667090888 0.03163180800445442
0 0.6721333700668151 0.4999418387571322 0.02367385733609062 0.020585220003181703
0 0.6837157600652243 0.48835944875872306 0.03481135200509069 0.03789998933799978
0 0.2531106500636334 0.47163174136695296 0.07734429734245411 0.06807838534372675
0 0.29157316605663375 0.4205237747055891 0.058430665340545127 0.053797709341181485
0 0.290391926718634 0.3861396840388164 0.07579997867599957 0.06962270401018138
0 0.24457253874917803 0.6105760626989076 0.042769302673454225 0.050490896005727134
0 0.276767420751087 0.6250112800365892 0.07937951201463571 0.10872156667727229