0 0.7207570951550396 0.30764172395279143 0.0368782387412331 0.03926248789975162
0 0.7509242589424151 0.36373718784843795 0.0368782387412331 0.03926248789975162
0 0.7204543113787386 0.4248746757481895 0.038440738741233105 0.03927157825883114
0 0.7104680421004073 0.4397820582617468 0.03471496144333699 0.0298783975406721
0 0.6907761057954976 0.4617797781093217 0.024639054595791875 0.018886355386194254
0 0.6976874398486539 0.44767182631392366 0.0351154796419344 0.0361283975406721
0 0.2773236775101527 0.5102961088040399 0.0757800524363235 0.06135565651766228
0 0.2994001341731278 0.45233361787922616 0.05955427513842757 0.05188975292686635
0 0.287141163630492 0.4195802052132437 0.07441781153562221 0.06447156615858277
0 0.3125974483296436 0.6460790726996863 0.04060401603912896 0.04865566861791084
0 0.34669184607789016 0.6536961299794746 0.08024630937615385 0.10667724687674199